1843.9024390243903, 1756.0975609756097
1812.242568370987, 1643.757431629013
1820.1208102427443, 1572.2887897572557
1844.704778961851, 1517.6431869123257
1877.0200489389551, 1470.694323329578
1912.9901368942826, 1427.5026937645227
1950.629456499627, 1386.2759367361496
1988.9307973471268, 1346.186651995636
2027.3664340489352, 1306.858479828623
1107.3241791810576, 1268.1295668570342
1299.4606421206652, 1417.3029020015117
573.9921210127557, 1512.2172410301011
705.7278512738428, 1770.7457664491528
824.5079117279994, 1970.2642779647913
922.0695034240441, 2098.476042273106
998.3596245768907, 2163.9043849242003
1058.4683537997305, 2184.940610584019
1108.2985999415325, 2178.8595900973614
1152.3474464954325, 2157.5784936119417
1193.4384168681954, 2128.1090339435127
1233.1716417173773, 2094.2479143011215
1272.4006673544468, 2057.97053140715
1311.5596170852707, 2020.2913328260108
1350.8560668731716, 1981.7357451300445
1390.3773718907757, 1942.5851182994163
1430.147460671095, 1903.0004304619724
1470.1567357480492, 1863.0838713268301
1510.3777366589788, 1822.9092322554034
887.5829086798291, 1782.5367900086505
1007.9231988628335, 1927.8254683712476
1102.5090090213655, 2008.3209562547534
1175.4416845479948, 2039.2138024372105
1233.6309303391486, 2038.2508151380466
1283.0639932361066, 2018.9771015216509
1327.744920345236, 1989.7954130710486
1370.0193604512733, 1955.3800600965792
1411.1632880329946, 1918.1936468617853
1451.836852459013, 1879.5059098933618
1492.3644033486528, 1839.9730501382767
1532.8919468437962, 1799.9432977998354
1573.471953703483, 1759.6122980711484
1614.108124339564, 1719.100658908175
1654.7788178429357, 1678.4922381206918
1695.4492998417447, 1637.8528942249652
917.7670604172691, 1597.2395839687927
1062.5559526788616, 1761.1652507043254
1178.7899293898997, 1860.7816605195114
1267.6876759976103, 1905.820391338843
1336.2931575526395, 1913.2959254346074
1392.110034211511, 1898.2992090288744
1440.651338104064, 1870.9435785562496
1485.3085354280972, 1837.0847057548092
1527.9783578923925, 1799.8669765232885
1569.662514813223, 1760.9223013414662
1610.8660928859656, 1721.0918487060433
1651.8287505720566, 1680.8166031352482
1692.6509739591818, 1640.3382985637425
1733.3610739814658, 1599.8002111899873
1773.9502716017646, 1559.2970332105433
1814.3909845507474, 1518.8993334119368
1854.6463699569103, 1478.6654554135498
1894.6753398543813, 1438.647239428127
1934.4352374948066, 1398.892718795766
1973.8833039526473, 1359.4473408549686
2012.9775162471913, 1320.3544728221989
1429.6805614272193, 1281.6555658858451
1599.0635128348806, 1365.2391388437652
1725.4199596522749, 1402.9704862533363
1817.270430627228, 1407.291220926163
1886.1184799879288, 1391.0543206418479
1941.2452011022124, 1363.5347650643112
1988.6309270400718, 1330.3034284933726
2031.7047745927916, 1294.3979702563447
2072.3115827027873, 1257.3986141769728
2111.4059332918646, 1220.1138627470182
2149.4663186020043, 1182.9597527464753
2186.7232647843416, 1146.156314087918
2223.280295480605, 1109.8261297382242
2259.1768850737194, 1074.0429864792677
2294.4209142545747, 1038.8556862575497
2329.0053195976493, 1004.2996468422875
2362.9166083153727, 970.40254145056
2396.13919925544, 937.1870422640172
2428.657623883229, 904.6721635356225
2460.457628424498, 872.8739319497076
2491.526709514342, 841.8057373389561
1451.5484156651382, 811.4785345642204
1713.853181046826, 912.493597677553
1927.493626278618, 977.3719314905622
2084.776075574539, 1006.7856747721835
2194.411701485652, 1009.2678156033985
2271.1598487461224, 994.8250596550633
2327.869097098095, 971.1096522180383
2373.1303126542653, 942.8486930540193
2411.965354577203, 912.6456390405083
2447.1096702777413, 881.8510813162643
2479.998439921767, 851.1457346212419
2511.3691766283214, 820.868858447418
2541.59610798476, 791.1893962680356
2570.8674970263983, 762.1918767491611
2599.277588413919, 733.9187538824517
2626.8737305044565, 706.3911044954139
2653.680359860411, 679.618723602387
2679.7111442379446, 653.6050639841628
2704.97509209458, 628.3496786391497
1458.1258328413421, 603.849456653084
894.7204546293365, 694.4517098054093
1152.7893829803982, 852.1486384395885
509.8935539782694, 993.388495804089
670.977088377723, 1244.9674481161371
839.6121196666444, 1483.678165036045
997.1418984460522, 1678.1418665588965
1129.299734970908, 1810.054429041657
1232.1697339671655, 1880.8910768269807
653.3650397026549, 1905.3302640630077
385.0869767762372, 2099.910755678627
452.2894514283299, 2348.925087708094
508.70291230261216, 2516.09846226163
554.197683746905, 2610.5908747645994
591.4407226768418, 2653.3591220776166
623.5767497743145, 2664.3141124795898
653.0260440540227, 2657.2763010129256
681.3258351291212, 2640.412440107941
415.2332772121518, 2618.154158996702
452.513996260525, 2717.3512573302974
483.3402610837395, 2764.250760414133
510.237558263105, 2779.121857546664
535.1328599941772, 2775.923458764018
559.2478051036713, 2762.872581135335
321.6743823597686, 2744.41970701426
349.46426009223194, 2839.536929234658
372.83874148947143, 2885.203754671616
393.6495225301351, 2901.1880856927605
413.2500807664855, 2900.613101883863
432.4832293711362, 2891.0581656055624
451.8345804993105, 2876.5884013471878
471.57492647839433, 2859.2996143787623
491.8545325663534, 2840.2484976798255
512.758134207096, 2819.959820535808
534.3352087968093, 2798.690378437688
556.6161623481509, 2776.5632837296157
579.6208429417001, 2753.635543211656
603.3629622883268, 2729.931896566888
627.8523581508555, 2705.4617377213754
653.0961237697448, 2680.2275907775256
679.0991448867576, 2654.229379039666
705.8643282362184, 2627.4666003901903
733.392670515562, 2599.9394604634417
761.6832462512454, 2571.6494859047057
790.7331560959448, 2542.5998766486427
820.537457852433, 2512.795725186514
851.0890924906126, 2482.2441656955243
882.378812196827, 2450.9544835629076
567.2069535657822, 2418.9381997831615
620.6885187726245, 2520.9697797203826
663.9025304417675, 2568.0823876242475
700.5004067099525, 2580.617993798142
733.4567927379933, 2573.3601143012293
764.7120826902753, 2555.257569366491
420.98183127119046, 2531.2279352013156
463.9929392606302, 2656.9903346597816
499.0015932068949, 2721.3928282600764
528.7314932640176, 2746.219104464101
555.54534145405, 2748.0853425041632
337.6808387261462, 2737.3135406119527
366.29334158502036, 2827.859662477993
390.3990152012124, 2870.438478888592
411.9108078317689, 2884.386258873656
432.20863550262766, 2882.4008117598914
452.14577739062423, 2871.7730253208633
472.2118032657332, 2856.400969748653
492.6787971532437, 2838.2909134671577
513.6971376854095, 2818.453546284609
321.00697969825234, 2797.3907082530004
346.1425828544726, 2872.793328039449
367.70931994817926, 2906.462286626331
387.3460257378905, 2915.8814277290685
406.1685712114531, 2911.975867588313
424.84840736381994, 2900.855873325157
443.7668235240461, 2885.743253120472
463.1359788608354, 2868.2835335343343
483.07451367648065, 2849.3013597811832
503.65052738039867, 2829.203938505688
265.57736366087374, 2808.1889248444177
288.4673176715836, 2904.9762356336137
307.85593173685686, 2952.5971389989604
325.2469854206129, 2970.84948671252
341.73080649117594, 2972.776108667251
357.98519218641013, 2965.8817669562754
374.4020098168149, 2954.1846945851466
391.2018765261558, 2939.7547627685594
408.5095527233377, 2923.634586289503
426.39779734705496, 2906.340726698562
444.91148617003444, 2888.124389449727
464.08050677617007, 2869.1040844282134
483.926540634905, 2849.332418315321
504.4665831321049, 2828.8295621799425
525.714739847372, 2807.5999992678753
547.6831160472815, 2785.6409201251477
570.3822299981254, 2762.9464547417906
593.8211763185573, 2739.5098327148257
359.56150948115794, 2715.324513020239
389.8960754687443, 2804.1943505771824
415.4062064438647, 2845.397385161288
438.13112254437436, 2858.148255409596
459.54057636659945, 2855.0598299356643
480.5422993081635, 2843.371932126363
501.65605178540005, 2826.954422676443
320.2065241506309, 2807.798900847454
344.807200832846, 2879.538245841664
366.0093530557368, 2911.048283032431
385.40167120522085, 2919.3187703904655
404.05251727771065, 2914.851565550761
422.60096547174726, 2903.486512118636
441.4091010620665, 2888.293429035975
460.67843572128453, 2870.8375185845825
480.5219181626464, 2851.9022302269746
501.00468199610987, 2831.873934872778
522.1661463283135, 2810.9397977577382
544.0317393497901, 2789.1878916040223
566.619030128642, 2766.657450075696
589.9408937731052, 2743.3640125108886
614.0071148516939, 2719.312004835755
638.8251720406084, 2694.501054439479
664.4005947608044, 2668.92918513833
690.7370969323691, 2642.594459681971
717.8365956139647, 2615.4958493593986
745.6991713741297, 2587.6337177791
774.3230006571058, 2559.0101105861468
803.7042765473376, 2529.6289457409475
833.8371271211189, 2499.496150689688
864.7135368189046, 2468.6197687531653
896.3232743139208, 2437.0100451387807
928.6538293221333, 2404.6794970708843
961.6903602405654, 2371.6429696226096
995.4156541774321, 2337.9176774208227
1029.810100723962, 2303.5232317418318
1064.851680649011, 2268.481652250552
478.0884556296851, 2232.8173625766794
544.0635224424625, 2419.9436515893167
597.4311330795059, 2530.7788488113847
640.4877792088652, 2583.9725400072
676.7734181849414, 2600.3454081093114
709.2802531628602, 2595.4718160306866
739.996067092454, 2578.924100872012
770.0906338749808, 2556.0049558735263
800.2094054023064, 2529.497198398784
830.6951517074809, 2500.8228438846654
861.72411657147, 2470.701053573602
893.3826915274343, 2439.496436497712
925.7088616255705, 2407.3973381083
958.714160512719, 2374.505598282432
637.2744478078682, 2340.881362104552
697.3267950607802, 2439.495115590585
745.4895317680035, 2483.7955793376727
785.9093202578781, 2493.775997079316
821.9966443694574, 2484.0809645227578
855.9838759608566, 2463.6101639746958
889.1713689144997, 2437.264002492482
922.2696148891641, 2407.607600199183
955.6508842833601, 2375.9525982144814
989.5021530787363, 2342.965805979264
1023.9107515006062, 2308.989782364166
1058.9105249026304, 2274.2063805991147
1094.5062549062561, 2238.7188574851325
1130.686469397502, 2202.5927517080927
1167.430145862036, 2165.876130918208
1204.7102311976016, 2128.609573749379
1242.495512688365, 2090.8310564243393
719.6773265818546, 2052.5783101248408
808.7611725759797, 2196.8120851962567
879.1212596727705, 2274.2180358102414
934.9665913909055, 2303.5100449680176
981.5148112481389, 2303.0405046538554
1022.8483259916648, 2285.7391043783186
1061.568107584807, 2259.3004203098303
1099.1623597842574, 2227.9152651235336
1136.4313851310735, 2193.768223906303
1173.7861141369422, 2157.9788840142187
1211.4259946819407, 2121.12280210902
1249.4376205876683, 2083.5033521498403
1287.847593000111, 2045.289536943284
1326.6504081661833, 2006.5848176978152
1365.8230816688092, 1967.4611964860956
1405.3328245061705, 1927.975980876987
1445.1411070745003, 1888.1799621935015
1485.2058548952627, 1848.1213463828435
1525.482682359987, 1807.847584940093
1565.9256336357548, 1767.406166679542
1606.4876726554983, 1726.8448941684649
1647.1210462618892, 1686.2119038166707
1687.777583516771, 1645.5555581891533
1728.408962583449, 1604.9242749361747
1768.9669602480744, 1564.3663251784023
1809.4036907184143, 1523.92961866149
1849.67183601919, 1483.6614853374283
1889.7248681249262, 1443.60845922005
996.0545945044253, 1403.8160684236852
1168.0578055477533, 1567.8413090269612
1308.439052017471, 1672.6380250749944
1415.3918484096187, 1723.2006862941564
1495.8452717775444, 1734.4290654433776
1558.8254675506025, 1721.38519422457
1611.5177877873998, 1694.8309070318314
1658.5244310964035, 1661.2073573725183
1702.4761102636992, 1624.0287003340238
1744.7826886708174, 1585.1293889862984
1786.1668704187352, 1545.4540793279286
1826.982354581931, 1505.494347119435
1867.389497995714, 1465.515409448973
1907.4488612835848, 1425.6702315731145
1947.1701732566455, 1386.0560329535235
1986.537764566781, 1346.742003483537
2025.523750996406, 1307.7827992650339
2064.094880899132, 1269.2250607906544
2102.216114211342, 1231.110523273318
2139.852514787654, 1193.4774706146172
2176.97026911274, 1156.3613902533803
2213.537248532437, 1119.7952478168695
2249.5233288076256, 1083.8095860335889
2284.900576574957, 1048.432547512291
2319.643358988787, 1013.6898697214965
2353.7284056168273, 979.6048754049789
2387.1348378299776, 946.198469347592
2419.84417392984, 913.4891463256108
2451.840314745822, 881.4930120485697
2483.1095126918744, 850.2238173719879
2513.640326422895, 819.693005275703
2543.423562823874, 789.9097696920917
2572.4522078723194, 760.8811250523299
2600.7213478203, 732.611985308692
2628.228082088312, 705.1052511428502
2654.97142922052, 678.3619040617277
2680.952227206207, 652.3811061015831
2706.1730294200347, 627.1603039005277
2730.637997372087, 602.6953359548606
2754.3527913882326, 578.9805419419076
2777.32446026317, 556.0088730685675
2799.5613308445486, 533.7720024879868
2821.0728984185093, 512.2604349144249
2841.8697186766735, 491.4636146564608
2861.9633019537932, 471.37003137944066
2881.3660103353714, 451.9673229979121
2900.0909581468804, 433.24237518642803
2918.151916251917, 415.18141708140365
2935.5632205065217, 397.77011282680496
2952.33968464171, 380.9936486916199
2968.4965177765116, 364.8368155568196
1198.0336364529044, 349.28408663352457
1535.4951440562897, 426.35262014674754
1870.7412335237773, 494.7034152945098
2163.8916771495697, 544.9760380844
2389.4744891406817, 573.1324389147367
2545.803037422721, 581.5513831361118
2647.907690298628, 576.0720897712899
2714.4378522148236, 562.424974545102
2759.9883771621007, 544.6313651676305
1240.3700695212424, 525.0512134128753
1554.098364993993, 626.5267134716719
1848.0967274290829, 709.5720303444064
2090.7428275535385, 764.5098879331081
2269.6125354157357, 790.3963274201537
2392.0861441807647, 793.3790139779398
2474.490879175299, 781.6286169862988
2532.094768061052, 761.7373501887955
2575.460051802316, 737.8886220903137
2610.8683633168343, 712.4127323042026
2641.7726267868206, 686.5194305679106
2669.99574626197, 660.813136912539
2696.4813699154824, 635.5887824111483
2721.71439057724, 610.9871129088037
2745.944551164799, 587.0728073635464
2769.3023590853704, 563.8729718694576
2791.8583941683632, 541.395934231005
2813.6534316647376, 519.640398265346
2834.71366391799, 498.5999174796402
2855.058352498267, 478.2651048086941
2874.7036464825483, 458.6247488229692
1288.6511228485929, 439.66640133535793
1618.5031624755288, 525.9109041401962
1929.6792131953468, 597.1651333633315
2187.7392039564893, 644.7859631211945
2377.860457776328, 667.4474695209287
2506.7555508148835, 670.1212843220742
1271.1414557916346, 659.8161860995046
694.8970602644714, 773.1641737110167
912.1998314047844, 966.6114515532026
1139.1296564497072, 1149.597492441738
396.4476167287048, 1297.4413083151667
512.6386786335275, 1597.8057553743374
629.3635904629348, 1868.2067041936464
734.4232074786514, 2076.2536279935757
820.8762588313896, 2210.153353357926
888.9666333573613, 2279.5067084313346
943.2649675265335, 2303.561547512666
988.9151009795886, 2300.042308764971
1029.7908485507937, 2281.059139598999
1068.312866356659, 2253.702969263308
1105.851481211207, 2221.8038904022687
1143.138518662093, 2187.350997923918
1180.547237429118, 2151.3629744365003
1218.2568484343356, 2114.364620373933
1256.3431465584808, 2076.6341784996544
1294.8269380524969, 2038.3283721319538
1333.6995549746755, 1999.54476203038
1372.9362311754421, 1960.3525928051663
1412.5031280786477, 1920.8079502811604
1452.361061933307, 1880.9611438389713
1492.4675260678855, 1840.8602434663471
1532.7778357740951, 1800.552715655044
846.1961230293425, 1760.0861183578425
969.6630163717333, 1920.8542774435127
1067.8624421705383, 2014.649964675578
1143.6315333362907, 2054.8546661788487
1203.5847144964637, 2059.5974895029253
1253.9371538422558, 2043.5824376820808
710.2036023114279, 2016.2255087502922
803.1398713370723, 2171.4914406087883
876.8336106469785, 2257.848640970499
935.0319020294089, 2293.0565526059654
983.0454493122295, 2296.0039719983024
1025.2344293274907, 2280.514936528767
1064.4440933902897, 2254.9831249152394
1102.3234977629518, 2224.0277710512046
1139.7664426636536, 2190.0685460263485
1177.2350241341753, 2154.3473011152055
1214.9558333272619, 2117.501536059699
1253.029608532462, 2079.86562773076
1291.490225245936, 2041.6240307629846
1330.3358684942907, 2002.887918977605
1369.5453863934515, 1963.7331722091187
1409.0868688261355, 1924.219076691775
1448.9221805722998, 1884.3974587408086
1489.009400486625, 1844.3170858084673
1529.3041815700735, 1804.0257282371067
1569.7605575037865, 1763.5710640647121
1610.3314668028806, 1723.0010106475956
1650.9691337760469, 1682.3637716157477
1691.6253771104136, 1641.7077422521222
1732.2518815180251, 1601.0813448299023
1772.8004495889188, 1560.5328302517098
1813.2232415628898, 1520.1100650240908
1853.473005896323, 1479.8603140638336
1893.503301057574, 1439.8300255891709
1933.2687077938403, 1400.0646221961983
1972.7250305835219, 1360.608301078164
2011.8294868136804, 1321.5038456838288
2050.540882241533, 1282.7924506738877
2088.819771426361, 1244.5135616980156
2126.628602006953, 1206.704731221902
2163.9318419227347, 1169.4014913583596
2200.6960889175048, 1132.637244389709
2236.890161911989, 1096.4431714082853
2272.4851740771305, 1060.8481592496732
2307.454587677857, 1025.8787456522114
2341.7742509818477, 991.5590823498528
2375.422417735627, 957.9109155968904
2408.379749897777, 924.9535834351482
2440.6293044839176, 892.7040288492117
2472.156505518598, 861.1768278146337
2502.949102204608, 830.384231128674
2532.9971145101085, 800.3362188231995
2562.292767438833, 771.0405658944874
1390.662681689567, 742.5029180438969
1668.6752950341354, 848.513783183126
1903.5120551625846, 921.8354338388676
2080.8859904164115, 959.7469780447454
2205.3956046839858, 968.7365206738132
2291.3616786296584, 958.5692970227774
2353.0770249726393, 937.5117365302349
2400.7349857702843, 910.9519968846744
2440.497306393913, 881.9425669255793
2475.7801980396644, 852.0886051660873
2508.3935911133426, 822.2029979927729
2539.273513508323, 792.6903242460571
1055.8617115952609, 763.7506292369953
1322.0274324928837, 910.7427181191438
1570.7841100781538, 1030.5817340202789
1776.7676452862654, 1110.215482635091
1931.089494720354, 1149.1844600262941
915.3001036638599, 1156.5528619615422
1118.2195557576404, 1345.673686004847
1297.8059795265547, 1487.4183970967476
1441.15605682909, 1573.0592838853638
1548.6264754902231, 1609.8724175517045
1628.7717232045593, 1612.5593277562698
1691.3173732512146, 1594.745155901604
1743.6042063636844, 1565.7585455402107
1790.2068409577753, 1531.0550133447293
1833.7012890324893, 1493.5744466945305
1875.4565146624197, 1454.8425156944425
1916.171078834689, 1415.6437219612258
1956.1864761071893, 1376.3872450662743
1995.6582920167289, 1337.2951486850752
2034.6467751800517, 1298.4965901897556
2073.164036535904, 1260.0743074024917
886.8833629162145, 1222.0873648243742
1079.5524011262464, 1416.7400609146366
1248.8476869763188, 1560.8695976786855
1383.534656422795, 1646.864587606348
1484.8277108414075, 1683.2732184704466
1561.1269053108879, 1685.494963910898
1051.0872144168186, 1667.3312020168448
1182.5760404837508, 1786.581781145888
1283.9653024574318, 1847.3867045253573
667.2634239983119, 1865.1191003726299
774.5966957222612, 2062.0329033732496
862.1525065663842, 2185.821769707168
930.8437965082448, 2247.595539578291
985.661533985658, 2266.625978166813
1031.8897070080056, 2259.935451965265
1073.4061577819573, 2238.9146490905387
1112.6011381028438, 2210.1597030598305
1150.8167514576, 2177.2135691517988
1188.7653152217126, 2141.9122934580605
1226.8075765809429, 2105.196836494595
1265.1146632910486, 2067.553945009029
1303.7568825924527, 2029.244021945347
1342.7510552047734, 1990.4160471544578
1382.0854248218498, 1951.164788879522
1421.732713508728, 1911.5590589722933
1461.6569837094407, 1871.655568938641
1501.8172857024351, 1831.5056572234967
1542.1696439714162, 1791.1584941420222
1582.6681884346601, 1750.662547284677
1623.2658470704866, 1710.0661874548362
1663.9148143384616, 1669.4178695906128
1704.566905073359, 1628.7661035577812
1745.1738493450882, 1588.1593216371332
1785.6875557785447, 1547.6456963792289
1826.060356389061, 1507.272936356491
1866.2452385773229, 1467.0880744621197
1906.1960661623186, 1427.1372570240694
1945.8677894642137, 1387.4655387956473
1985.216643576463, 1348.1166872201338
2024.2003336190753, 1309.1329984458896
2062.7782056982196, 1270.5551270009291
2100.911402382732, 1232.421930633509
2138.5630016763466, 1194.770331498441
2175.6981386773737, 1157.6351945766874
2212.2841093525326, 1121.049223941165
2248.290456094674, 1085.042877218841
2283.689034975612, 1049.6442983478123
2318.454064838235, 1014.8792684901437
2352.562158591276, 980.7711747395797
1403.5187462303563, 947.340996060701
1641.8630502758738, 1055.4453339719953
1832.6509558358507, 1121.9907425758756
1972.4192130597096, 1150.0571996588808
2071.1291617790307, 1150.106615101262
2142.3788528278164, 1133.0208229545856
2197.188989766119, 1106.6740684901642
786.1526613413047, 1075.7940597713286
986.8133220893694, 1286.0799207402677
1175.453760512213, 1458.979549737149
1333.8589583429668, 1576.7551771083647
669.5971631208616, 1639.174325957366
799.5347260145818, 1864.0586392856849
910.1889812511392, 2020.9916243485206
997.856244628724, 2110.141702374227
1066.0499561224467, 2146.9992785957966
1120.9525895230393, 2150.068454845802
1167.988443629871, 2133.6063220178175
1210.809340824218, 2106.503608164482
1251.5640768294336, 2073.720566424401
1291.4256375185303, 2037.873633563254
1331.00283666703, 2000.3110244917912
1370.5957359146778, 1961.7272495912193
1410.3397494103108, 1922.4882568888945
1450.2834466616323, 1882.7971848513253
1490.4297000135778, 1842.7772728308362
1530.7572586342737, 1802.5128920595537
1571.232047750046, 1762.069693664727
1611.813121646396, 1721.5044155779499
1652.4558481280255, 1680.8695871133864
1693.1136630572055, 1640.2157212208108
1733.7390870743345, 1599.5922717290007
1774.284361043285, 1559.0479850244649
1814.701883114536, 1518.6309565858596
1854.9445406168352, 1478.3885458999935
1894.965983758552, 1438.3672261665204
1934.7208643523284, 1398.6124072768719
1974.1650506152857, 1359.1682518659802
1000.554123166962, 1320.0774949739243
1184.6326615443677, 1488.5150995996837
1337.4072024887428, 1600.4565962909164
1454.4738200863526, 1657.6653230561287
1541.839278046161, 1673.557929725618
1608.9937787789145, 1663.285152316771
1664.0057194922047, 1638.2412667174153
1712.2138261914379, 1605.431379433414
1756.7235468159283, 1568.7288050605143
1799.2170031897813, 1530.1665229347977
1840.5645800727236, 1490.7915095096848
1881.1981635963043, 1451.145961437639
1921.3193330399772, 1411.5192493637019
1961.0107087389242, 1372.0752124128094
2000.294313589181, 1332.915304471434
2039.1618758455586, 1294.1095975555952
2077.590507377154, 1255.711895416092
2115.5508176350745, 1217.7670502847104
2153.011127813556, 1180.3144727771269
2189.939674961391, 1143.389791991648
2226.3057772053944, 1107.0256229355496
2262.080458225827, 1071.2519085107515
2297.236786278299, 1036.0960637565167
2331.750058640312, 1001.583033043727
2365.597898733611, 967.7353137750665
2398.760300698582, 934.572972222421
2431.2196396635827, 902.1136634635841
2462.9606575634784, 870.3726606667715
2493.970430125043, 839.3628956567482
2524.2383185093518, 809.0950110482108
2553.755908038556, 779.5774234068917
2582.516935903689, 750.8163964857017
2610.5172094799323, 722.8161233814294
2637.7545167287985, 695.5788163685488
2664.228530073816, 669.1048031415244
2367.826814554846, 643.3926282106854
2507.748464017213, 648.9643202577108
2599.6359350026014, 640.7079010490734
2660.951311392818, 624.5902163089822
2704.5096571181716, 604.5851648965668
1360.7745334155582, 582.9607305707846
771.982193544633, 680.647437369422
1012.3507234146401, 850.0737962650168
1263.1669343331841, 1010.1760814607014
1495.656526987621, 1139.1447265843813
1687.105062800057, 1223.7701706842568
1830.6640378933714, 1264.6696185962458
1933.6392603753848, 1272.197657609434
2008.5752052611633, 1258.5716200089041
2066.4223905984086, 1233.160590625851
2114.5153144391134, 1201.7719798995604
2157.146551896648, 1167.6201768225446
2196.6536907084233, 1132.3853323106473
2234.258735608856, 1096.924676402184
2270.5830582428057, 1061.6746211051277
2305.9343009223576, 1026.8610318635515
2340.459165344631, 992.6051242983026
2374.222991594077, 958.9758090363798
2407.250737442136, 926.0153268249019
1143.2888204490812, 893.7517509390377
719.3378891733963, 1038.3963474015559
915.0887958535078, 1258.0681120447616
1104.7946361719237, 1446.5490837235852
1268.6370386644335, 1581.9753246212922
1397.4259928975632, 1659.593925173411
1493.9662629460452, 1689.757997238016
1567.0993848476746, 1688.0719806957354
1625.6160723375135, 1667.7198831195385
1675.7787196901854, 1637.3159561694602
1721.3753648457946, 1601.7771992622443
1764.504121032701, 1563.7232804786825
1806.2674745996092, 1524.5089822417835
1847.221193452879, 1484.8327209918743
1887.6313123898722, 1445.0620659622668
1927.6133087547844, 1405.3999856565954
1967.2055033938648, 1365.9677951147553
2006.4072884283203, 1326.8460236509848
2045.198931958836, 1288.094389786973
2083.5518301166326, 1249.7614971827998
2121.4338288105023, 1211.889501445844
2158.812004148769, 1174.5163276310618
2195.6541308460355, 1137.6767017067946
2231.929469651708, 1101.402613290435
2267.609197308188, 1065.7235108293162
2302.6666448385495, 1030.6663758968102
2337.077429239537, 996.2557477947948
2370.819522416863, 962.5137327669659
1188.5795540493718, 929.4600140749021
1435.2423563015766, 1068.9032540638252
587.335031015062, 1168.3691367890135
750.0943517984128, 1421.0873311810105
909.1902655613409, 1640.47777383199
1048.1800524398425, 1801.2009399845786
1159.163323966413, 1897.0623586717816
1244.1191066879596, 1939.1421037867376
616.7369200988719, 1944.7895185759742
713.9491983931496, 2144.1278052145835
793.180954418351, 2268.6439272105445
855.6751223842355, 2330.8464591948377
906.0790776233652, 2350.615326264865
949.116791629845, 2345.0160481549633
988.1964257913936, 2325.30615896351
1025.4022741216506, 2297.9566961340906
1061.901098528595, 2266.430130078122
1098.31197989283, 2232.51654791944
1134.9488901083419, 2197.131099356855
1171.961130897362, 2160.7452948712753
1209.4101793440861, 2123.609641254935
1247.3106259416986, 2085.8659362809435
1285.65171805886, 2047.6032260325508
1324.4086524647882, 2008.8854853258526
1363.5485108425685, 1969.7652244889753
1403.0334146618752, 1930.2901196129515
1442.8222442039196, 1890.506189585757
1482.8716202514238, 1850.4592633064804
1523.1365099500504, 1810.195598494668
1563.5706431763592, 1769.762077712442
1604.1268348413755, 1729.2061922696357
1644.7572614171977, 1688.57591880496
973.9917470990293, 1647.9195412430881
1111.186836471772, 1790.5172754510309
1218.9470865338594, 1870.6260683778892
1301.0274430303107, 1901.5129474046125
1365.1503174701888, 1900.2205253271354
478.80726039236924, 1880.2875858663701
570.428265052239, 2133.4147302891884
344.6408012615513, 2310.4872135968444
396.1156250808325, 2529.120680913878
438.41350088983177, 2665.889841215797
472.8100330162488, 2738.140094170968
501.86912301425923, 2768.025959874025
527.9256697724752, 2773.0848765954042
552.5907869994305, 2764.424438467593
576.8357078278295, 2748.2986294756984
601.2075884215503, 2728.0161633664966
626.0047541535474, 2705.2712551080713
651.3874828878145, 2680.916553522311
677.4412603220305, 2655.377265631875
704.2112203429193, 2628.8646695467046
731.7204519647756, 2601.484149705134
759.9795989811162, 2573.289366034729
788.9918443419374, 2544.3093042111595
818.7554716346074, 2514.561769153229
849.2651625789475, 2484.060124442791
880.5126392543672, 2452.816670913458
912.486969953684, 2420.844351794468
945.1747056935167, 2388.157621846619
978.5599350403265, 2354.772895396256
1012.6243034685843, 2320.7087784163355
1047.3470218181697, 2285.986185790947
1082.7048770788865, 2250.628393392336
1118.6722527512359, 2214.661049151041
1155.2211628340763, 2178.1121547837292
582.151727912856, 2141.0120237476103
660.1488348084551, 2312.2536699286184
722.6586373035414, 2410.668622276984
772.6460013464748, 2454.683930679753
413.4796467061279, 2464.217092638296
460.51761516295346, 2613.856715308653
498.5919254821759, 2695.2029416458226
530.3395931122556, 2730.3038595857697
558.3871993421823, 2737.8086208614814
584.6208130413777, 2729.936884494902
610.1993326463897, 2713.6933041134794
635.7807871397814, 2692.8188288940514
661.7241919800505, 2669.238921491612
688.2213776815911, 2643.926003029578
715.3733409253831, 2617.3668051243253
743.2320972164439, 2589.8045896944036
771.8230069154539, 2561.3619900067715
801.1565111622949, 2532.1026506649305
831.2342426734376, 2502.06200408163
862.0521811908151, 2471.2626086470736
893.6022669293083, 2439.721794604724
925.8732146380976, 2407.45548278269
958.8509171661395, 2374.480098207697
992.5186420008314, 2340.8135323519477
1026.8571273359628, 2306.475626506892
1061.8446336279433, 2271.4884099601004
1097.4569801715866, 2235.876208289089
1133.6675823879443, 2199.6656785090563
1170.4474982241625, 2162.885798891003
1207.7654881705703, 2125.5678270536796
1245.5880912646849, 2087.7452330141064
1283.8797182245296, 2049.4536105815323
1322.6027620938264, 2010.7305689758716
1361.717726262506, 1971.6156059390096
1401.183369332197, 1932.1499634352276
1440.9568659707056, 1892.3764670796731
1480.9939826150826, 1852.339350576773
1521.2492666283893, 1812.0840666342056
1561.676247287544, 1771.6570860104198
1602.2276467793808, 1731.1056865362675
1642.8555992117529, 1690.4777341127385
1683.5118755092212, 1649.8214578196907
1724.1481119614384, 1609.185221369684
1764.7160401290328, 1568.6172932031957
1805.167715788159, 1528.165617544622
1845.4557446113915, 1487.8775887216655
1885.5335023388109, 1447.799830994384
1925.3553472875235, 1407.9779860457409
1964.8768231779154, 1368.456510155383
2004.054850417385, 1329.2784829159307
2042.847904172919, 1290.4854291604058
2081.216177777999, 1252.11715555533
2119.1217302516893, 1214.211603081642
2156.528616952858, 1176.804716380474
2193.4030026447945, 1139.9303306885386
2229.7132564993944, 1103.620076833939
2265.430028820375, 1067.9033045129581
2300.526309506678, 1032.8070238266555
2334.977468505963, 998.3558648273702
2368.761278720051, 964.5720546132825
2401.8579220161696, 931.4754113171634
2434.249979167511, 899.0833541658226
2465.9224046921286, 867.4109286412045
631.9761193815923, 836.4708456536673
831.3101361248373, 1047.9098380598625
1040.2557767011936, 1248.8540278696446
1235.2864633994739, 1412.3746888494318
976.9380511376683, 1522.1305149839332
1132.0247850010708, 1679.7765094547697
1256.3223811401654, 1775.4455826180647
1350.821395802919, 1818.0880019238177
1423.0147189736394, 1824.0513619663411
1481.0469200158655, 1808.0364812954667
1530.952463020868, 1779.9621958288717
867.5539772793766, 1745.5901911523438
464.70482710829134, 1902.5809781331054
553.2161689217287, 2157.1062263857552
628.7440938398755, 2334.862376145556
689.48047424485, 2438.4847343923702
738.1210725572582, 2486.2017884318384
778.7859435454068, 2498.259661153701
814.9458798182335, 2489.768342938767
848.8995756173293, 2470.001344404311
881.9944831855215, 2444.0913993088657
914.9696317618783, 2414.732097320433
948.2134639357927, 2383.302088989614
981.921916974777, 2350.502030505752
497.3165877178788, 2316.691197967646
557.9297015780061, 2475.286004265469
606.6196207475765, 2563.1443102913067
646.3932094741859, 2601.1421803068774
680.6735921724054, 2608.656576317123
712.0572434943158, 2598.9840656396736
742.1796479716824, 2579.933133110543
771.9770259696822, 2555.727146119174
801.9581981235946, 2528.555801469053
832.3906003378531, 2499.531873828727
863.4101143568521, 2469.217490814566
895.0817950386935, 2437.8985995058465
551.0562841372277, 2405.7244412657574
605.6468817597828, 2518.141367627504
649.620114042223, 2572.3543059871936
686.5734190250472, 2589.2203365204928
719.5832794151668, 2584.4836445724704
750.7046425665118, 2567.8670076865747
781.1499164859401, 2544.769889214165
461.91437267510923, 2518.029602565974
506.791868991298, 2631.114179533982
543.3427472670213, 2686.548170115168
574.5296604140904, 2705.477414931
602.8021775996527, 2703.4414732709047
629.7731308305158, 2689.9052836370392
656.3900512134751, 2670.0878541655843
683.1779472684301, 2646.7206225539007
710.4187809256617, 2621.1954010121135
738.2609017978375, 2594.2124125154887
766.7804942913585, 2566.122718587064
796.0147534240618, 2537.1034919312756
825.9794434055152, 2507.2463389993945
856.6780872464028, 2476.601468887638
888.1067397283391, 2445.19970457155
920.2564496459531, 2413.063439062205
953.1145209540215, 2380.2120900396108
986.6651543919993, 2346.664817764705
1020.889773709367, 2312.4418790339573
1055.7671954668879, 2277.5652975710173
1091.2737255993286, 2242.0591875861846
1127.383226362246, 2205.949896897151
1164.0671766021774, 2169.2660516941814
641.1102068071622, 2132.0385433849947
721.3915329988214, 2284.778493685566
785.2117566731762, 2368.4845489530635
836.2773331873154, 2402.3970670339554
879.2078030937511, 2405.4520166408643
917.6271653856647, 2391.0140445094025
953.8500219690117, 2367.0457945012045
989.2047267801851, 2337.886644347732
1024.4086931991558, 2305.7978147176427
1059.832803528897, 2271.9356505405913
494.50482722976665, 2236.8912824778654
561.0330510669307, 2416.982407275619
614.6914178705993, 2522.0453591241476
658.0118943918318, 2571.2256298775796
203.6023656602838, 2585.0364515134206
230.40828461155382, 2786.073973251809
252.46280942538664, 2907.38579556899
270.9019900302233, 2971.1744364886054
182.42773777308955, 2999.3146020421036
195.34468081582702, 3058.746181361064
206.92884905825085, 3085.8413433116148
217.9125784696379, 3094.892379121238
228.7603864942095, 3094.245546836302
239.74527951614522, 3088.4083555371544
251.02399607415694, 3079.715463728019
262.687863338167, 3069.3475240026028
274.7927642248602, 3057.891343412622
287.37573847690726, 3045.6329187844
160.684595467059, 3032.7070754125753
101.4009422810088, 3088.596808714729
108.58756711194295, 3149.9962116779843
115.10356989367529, 3180.016861782289
121.33957411182591, 3192.668274514861
127.54238902968909, 3196.072180796449
133.85790109654633, 3194.6018823285726
140.3712835862871, 3190.5217120696334
147.1337725962392, 3184.9784986111904
154.17836024288124, 3178.5442183785926
161.52847787082237, 3171.499422153384
169.20266890033423, 3163.9779337850096
177.2170679059387, 3156.039896604402
185.58670460659206, 3147.7084434404155
100.07731966930707, 3138.9880560222086
60.90280571484627, 3178.463709410515
64.78838995125109, 3220.237069839477
68.45324835837395, 3240.376100606726
72.06555289408732, 3248.925721467641
75.72675333858338, 3251.412701545999
79.49649688960271, 3250.7341425998197
83.41061418601137, 3248.369928219003
87.49202670382718, 3245.0645494913965
91.75688374438474, 3241.187980517146
96.21789672293775, 3236.921179438261
100.88612115241696, 3232.3500779344727
105.77190221231693, 3227.5128625825355
110.88537550999787, 3222.423673200259
116.23673268819346, 3217.0844582451405
121.83636293191984, 3211.4908991792986
127.69492887005048, 3205.635368846696
133.82340757462035, 3199.5084079490375
84.95886766091849, 3193.0994617068063
89.83003885398644, 3215.4074935870326
94.59050722139318, 3224.5765195616164
99.38946091835929, 3226.8306165036206
104.3144348252633, 3225.4546807909446
109.41732460780271, 3222.1319943197777
114.73053171451167, 3217.7103170098353
120.27613993173844, 3212.610831617785
73.88499321706881, 3207.0392002962394
36.71190954481619, 3228.615573887909
38.918845269006525, 3259.717843770917
41.053249918060416, 3274.7511826997843
43.192513797874206, 3281.330279823671
45.382595263691776, 3283.533824372246
47.65081525600853, 3283.4711348596347
50.0141804786041, 3282.212727713524
52.48421767085312, 3280.295719465389
55.06964156895929, 3277.986947728726
57.77779298006449, 3275.417156847356
37.97196072586414, 3272.6487323356027
39.983463613059804, 3281.9161699801225
42.02934538019237, 3285.5675286596033
26.1664378214306, 3286.3192579772563
27.549796032367194, 3295.2945249350264
28.96079289525251, 3299.1115313480495
11.751372510726862, 3300.2790828673155
12.376173792706902, 3310.237648671604
13.013453815157147, 3314.9428878966746
13.672474086186414, 3316.9680266305613
14.358949359398888, 3317.6268799635163
15.076695658318993, 3317.5826133047467
15.828550608153739, 3317.1677023937177
16.616872764543068, 3316.547903359587
17.443809400234535, 3315.805241066768
18.31143998880556, 3314.9797508458223
19.221853765318816, 3314.090408052263
20.177192563926777, 3313.145604944929
21.179675457888802, 3312.148389946555
22.231613916857558, 3311.0990854478687
23.335422067927613, 3309.996594280062
24.4936244723155, 3308.8390503680857
25.708862685940108, 3307.624141400862
26.983901271188838, 3306.3492674388626
28.321633611347117, 3305.0116174103414
29.72508771311755, 3303.6082044643927
31.19743209519914, 3302.135880660222
32.74198181466116, 3300.5913412297155
34.362204658200405, 3298.971123530655
36.06172751200746, 3297.2716032490866
37.84434291646976, 3295.488989130744
39.71401580745833, 3293.619316882815
41.674890442981365, 3291.6584425688216
43.73129751174728, 3289.6020356608205
45.88776141823956, 3287.4455718347112
48.14900773703826, 3285.184325556104
50.519970827201014, 3282.8133624860366
20.9464592542378, 3280.327531727819
13.056279450721807, 3295.0569526134304
13.758240118635271, 3306.8696345539042
8.422264242265546, 3312.485703622219
8.858736437221435, 3318.238755705632
9.309134496663397, 3320.900445384127
5.134485686520881, 3321.9921883224315
4.062262213593555, 3324.8284124428474
4.267957354774554, 3326.8410860576946
4.482563235050596, 3327.737883018003
4.707160491337038, 3328.0695435242083
4.942582147313235, 3328.112390051697
5.189543168482192, 3328.004597974951
5.448709933623893, 3327.81502439859
5.720737588847541, 3327.5777955173235
6.006290412306419, 3327.309642625787
6.30605325066647, 3327.018579889632
4.646391457883049, 3326.708244933758
4.879818749136046, 3327.463578827113
5.124195334365253, 3327.7140231245057
5.380391074814362, 3327.7053480504774
5.649164488177253, 3327.5603625457015
5.931230252326986, 3327.340197632079
6.227295551934087, 3327.0750844820923
6.538079964481935, 3326.7797765754817
6.864326704017702, 3326.461268196701
7.206809355350185, 3326.1226547526935
7.566336276873391, 3325.76506244157
7.943753818979997, 3325.3886122063473
8.339948962358244, 3324.9929007168316
8.75585169527333, 3324.5772398109534
9.192437299174621, 3324.1407751205957
9.650728633377007, 3323.6825442431727
10.13179846834916, 3323.2015046365923
10.636771895551174, 3322.6965463235865
11.166828830475342, 3322.1664969457597
11.723206619660905, 3321.6101229351234
12.307202759405351, 3321.0261286846535
12.920177732330817, 3320.413154656365
13.563557967174601, 3319.7697748938394
14.23883892678439, 3319.0944941703897
6.0332136616643774, 3318.3857448861386
6.342769512915291, 3322.52145651598
6.663737715627375, 3324.432046027472
6.998572976555818, 3325.2152345674353
7.348963907846948, 3325.424418530117
7.7162094899325675, 3325.337101363965
8.10142251370939, 3325.0918878180178
8.505638645103692, 3324.75768024646
8.929875033087983, 3324.368450344057
9.375162223273612, 3323.940666948132
9.842562039367975, 3323.482019167042
10.333178130706502, 3322.995779127675
10.848162717023218, 3322.482982575962
5.8141682668543195, 3321.9435179228713
6.109448762744854, 3324.4313978226246
6.417019678390801, 3325.518900583625
6.738634099341554, 3325.8956997838386
7.075592329375249, 3325.908167988847
7.4289729635784125, 3325.729555532005
7.7997569361389045, 3325.44616939481
8.188894063229794, 3325.100734622914
8.597339080164973, 3324.7141416430595
9.026071613770915, 3324.2963353428772
9.476107742853053, 3323.8517623842304
9.94850718455277, 3323.382094541179
10.444378233053138, 3322.8875892953606
10.964881570180788, 3322.3677688604125
11.511233537966646, 3321.8217583439264
12.084709185064263, 3321.248453422532
12.68664525287288, 3320.6466027175875
13.318443190557968, 3320.014847461338
13.981572247945543, 3319.351739744669
14.677572674175936, 3318.6557499887986
15.408059038946048, 3317.925268959207
16.174723687371912, 3317.1586069783716
16.979340336457902, 3316.3539916630803
17.82376781954759, 3315.509564846888
18.709953984260167, 3314.6233790156243
10.139833853870194, 3313.6933934176886
10.660371392134833, 3317.909371108033
11.19959463067551, 3319.7485395164317
11.761804374777034, 3320.3780759891697
12.349925804711747, 3320.38646739443
12.966180810358644, 3320.06862900525
7.910781484861832, 3319.571606479122
8.312622408746249, 3322.0901032056545
4.803989582532536, 3323.135740433034
5.047905674060877, 3325.584262356876
5.302046717054615, 3326.6796095209816
5.567834807647313, 3327.089385923392
5.846331084002866, 3327.1488773789456
6.1384206194192545, 3327.0258331294576
6.444911662961497, 3326.8038775899577
6.7665888969652235, 3326.5244713240063
7.104242312413198, 3326.207954196687
7.458683248973392, 3325.8640816052284
7.830753717213435, 3325.497295359801
8.22133223042866, 3325.109358970557
8.631337845857068, 3324.700674420255
9.061733310365845, 3324.2709394890953
9.513527782582925, 3323.8194752837494
9.98777938118709, 3323.345388818629
10.485597692389598, 3322.847653074181
11.008146308420747, 3322.3251457415295
11.556645436737549, 3321.7766672549037
12.132374602858963, 3321.200948409629
12.736675460948002, 3320.596652711962
13.370954721679997, 3319.962376031442
14.036687204559735, 3319.2966448386683
7.066384100391852, 3318.597913667656
7.427449507048698, 3322.0625439276673
7.802447723213297, 3323.6069999715746
8.193974794851481, 3324.1768605188163
8.603857885045358, 3324.248087478089
9.033537094370306, 3324.059067493707
9.484271213081138, 3323.7286890550754
9.957247973974393, 3323.3158966533197
10.453643393622242, 3322.84959504329
10.974654220649603, 3322.3436315286176
11.52151626313371, 3321.804293244202
12.095515344447474, 3321.234056067396
12.697994443894908, 3320.633457926571
13.330358894111145, 3320.002033957258
13.994080620842707, 3319.338782471376
14.69070194488216, 3318.6423962678605
15.421839221253569, 3317.911376551776
16.189186462269895, 3317.14408809091
16.994519023628413, 3316.338784919627
17.839697397284397, 3315.4936212410103
18.726671136221015, 3314.606654849593
19.657482926419103, 3313.6758467331542
20.63427281612378, 3312.699058680329
21.659282609700398, 3311.6740498051927
22.73486043180872, 3310.5984724423042
23.863465466690315, 3309.4698676370326
25.047672876736474, 3308.2856603417913
26.290178904009984, 3307.04315437192
27.593806157939966, 3305.7395271466917
28.961509091942734, 3304.3718242270393
30.39637967121213, 3302.9369536549452
31.90165323334975, 3301.431680096395
33.48071454285499, 3299.852618788684
35.137104039753936, 3298.196229292683
36.874524281804995, 3296.4588090510797
38.69684657876588, 3294.636486754343
40.60811781613079, 3292.725215517091
42.612567464537335, 3290.7207658687403
44.71461476968671, 3288.6187185636186
46.91887611610687, 3286.414457217213
49.230172556402096, 3284.1031607769246
51.653537495761285, 3281.6797958375687
24.416236082810563, 3279.1391088139058
25.742048003481468, 3292.569281822243
27.07955162026074, 3298.7089308708605
28.454124117863852, 3301.0982450782285
29.881006756567423, 3301.559700154675
31.36989583476719, 3301.0165869823045
32.92757036713748, 3299.9322032291802
34.55933306159941, 3298.5371867644026
15.595724529735481, 3296.945132684292
16.42271789093449, 3306.4495283232695
17.266645334482277, 3310.81972928773
18.13954114550428, 3312.566183245911
19.048838076342005, 3312.9696551367197
19.999507987136585, 3312.67614596538
20.995255360970972, 3312.009173400629
22.039164281953177, 3311.129700538781
23.134045191246656, 3310.117049828303
24.282620558809832, 3309.00959260316
25.48762514189119, 3307.8251478521297
26.75186125011933, 3306.5711918501493
28.07823041893225, 3305.2499627820166
29.46975277442427, 3303.861010488754
30.929580025397158, 3302.4024682718673
32.46100520192581, 3300.871685613125
34.0674707785766, 3299.2655412955537
35.75257604190804, 3297.580596661808
37.520084152617635, 3295.8131688659028
39.373929137308245, 3293.959364038618
41.318222931185, 3292.015090323445
43.3572625326618, 3289.9760607613193
45.495537298441505, 3287.837791015216
47.737736389786264, 3285.595594433709
50.088756370403736, 3283.244575708011
52.55370894994976, 3280.7796237559237
55.137928862649424, 3278.195404156954
57.84698186693542, 3275.4863513095324
60.68667284875121, 3272.6466604061493
63.66305400797007, 3269.6702792861465
66.7824331040787, 3266.550900209646
70.05138173377122, 3263.281951589757
73.47674360934077, 3259.8565897190906
77.06564280270486, 3256.267690528177
80.82549191553007, 3252.5078414165773
84.76400013121214, 3248.569333201508
88.8891810994053, 3244.4441522336206
93.20936059836403, 3240.123972734815
97.73318391455572, 3235.6001494187008
102.46962287281644, 3230.8637104604786
50.26235897032429, 3225.905350889561
53.18721895144474, 3251.073116369099
56.04501743060388, 3262.6250310143173
58.92694513446011, 3267.0424939661093
61.88681352184765, 3267.756438654363
64.95675573141399, 3266.529494518516
68.15704472380342, 3264.2522353104405
71.50169599233654, 3261.369482610277
36.63066155676703, 3258.1006907813016
38.663409276165964, 3275.145416619021
40.69173571159814, 3282.8221629440573
42.76307607231248, 3285.6460767275735
44.90554803523416, 3285.9620578982863
47.136490746387146, 3284.9630669152984
16.041258847722798, 3283.248731142156
16.925217689250612, 3299.212601588456
17.812771304848916, 3306.8784521451257
18.722639873609296, 3310.2784356085594
19.666016713919955, 3311.498372425118
20.649940134972713, 3311.598215453375
21.679249221634706, 3311.1113185975955
22.757663204652523, 3310.3042431824692
23.88836393497609, 3309.3092448743637
25.07430765537366, 3308.191160652791
26.31839211748263, 3306.9810080124175
27.623547160262657, 3305.6928193986346
28.992785021155306, 3304.332064881779
30.429229555298825, 3302.8998620520397
31.93613446392523, 3301.3950780037117
33.5168958433484, 3299.815377056462
35.17506184456227, 3298.157741271841
36.914340907766636, 3296.418727317059
38.73860933932048, 3294.5945914397485
40.651918632182806, 3292.6813484240156
42.65850273789178, 3290.674797456874
44.76278539609956, 3288.57053136795
46.96938757332157, 3286.36393747537
49.283135033135466, 3284.050194157877
51.70906604363383, 3281.6242652185388
54.25243921821883, 3279.080893079534
30.65158337325297, 3276.4145913360167
32.296003721999675, 3287.800255755975
17.166085277788053, 3292.7268954694714
18.08307503944047, 3303.447664481452
19.0156673197166, 3308.395473924291
19.978478755151926, 3310.388497679647
20.980443702006692, 3310.868391291072
22.027436023599304, 3310.563317579308
23.123742018691814, 3309.83821873573
24.272861525689216, 3308.8747648305493
25.477937701592833, 3307.762536970131
26.7419869627265, 3306.5449157463927
28.068022792964765, 3305.2420949048915
29.45912358562143, 3303.8626018491286
30.91847110986875, 3302.409058253961
32.44937362719659, 3300.8810577163326
34.05528103747071, 3299.276601299697
35.73979593219457, 3297.59281190274
37.50668259054322, 3295.826287993512
39.359874985462056, 3293.9732769732127
41.303484358070534, 3292.0297582879284
43.341806650696, 3289.991481338969
45.47932994748184, 3287.853980714017
47.72074199647379, 3285.6125800009418
50.070937846778925, 3283.2623898185952
52.53502761221404, 3280.7983028871404
55.11834436009347, 3278.214987556251
38.56997452032473, 3275.5068805089722
40.59183109740101, 3283.0576412904134
42.65728490655176, 3285.8200513796
44.79407055968367, 3286.10772714396
47.01931287348781, 3285.097365790173
49.344473648174606, 3283.380310313035
51.77809538604298, 3281.2509077113773
54.32728368182872, 3278.8538706410136
56.99849926756836, 3276.2587410867513
59.797980243559536, 3273.4973057317457
62.73196827541255, 3270.5823411617666
65.80683141638193, 3267.5169899145876
69.02913255329906, 3264.2994447652804
72.40566927367836, 3260.9252860488846
75.94349869934545, 3257.3886456277546
79.64995438066796, 3253.682784449337
83.53265895274427, 3249.8003771288713
87.59953447079359, 3245.7336502366675
91.85881140279284, 3241.474447617601
96.31903676162995, 3237.0142594152335
100.98908159581664, 3232.344233159282
105.8781479164277, 3227.455176127788
110.9957750603124, 3222.3375536284625
116.35184544528005, 3216.9814855657737
121.9565896459098, 3211.376742526284
127.82059070050181, 3205.5127420522617
55.768976351256015, 3199.3785454969484
59.19347238455327, 3234.130002038577
62.47001567748135, 3250.618269879248
65.73073866652645, 3257.4185914845834
69.0544128088566, 3259.1713618452422
72.48748467986202, 3258.2881562405046
76.0582968985985, 3255.995208959679
79.78548284793916, 3252.907691054112
83.68263224489692, 3249.3305599021805
87.76081190529857, 3245.4124354613496
92.02991014820053, 3241.2233763576623
96.49935031410179, 3236.793958644372
42.4961013301481, 3232.134851366627
44.98462030566141, 3258.480627285533
47.41318680355031, 3270.852288276829
49.86074465865316, 3275.904603495353
52.37395358731671, 3277.166795996402
54.980693357490836, 3276.45419054731
57.69855585511234, 3274.68501214742
60.539703926029794, 3272.318611433775
63.51353384193416, 3269.582256658324
66.62810544532157, 3266.5864480074843
69.89090421775987, 3263.3830370590103
35.134179083133425, 3259.9943896832724
28.410530813165582, 3276.9294808042873
29.94344920098834, 3289.275679365302
31.492980291172827, 3294.753369042208
33.0871182881874, 3296.695189243837
34.742717948270666, 3296.8132110167717
36.47056332602576, 3295.9735939482184
16.55872609075422, 3294.610373717107
17.44010591703476, 3304.737422666397
18.337940820004917, 3309.3988223414344
19.265693708926012, 3311.2646562988066
20.231632050794108, 3311.699031112411
21.241234350386854, 3311.3904687753416
22.298537145264035, 3310.683907241525
23.406866423950536, 3309.7510039676527
24.5692298192642, 3308.676367425117
25.78852650483099, 3307.500937629383
27.067660349341175, 3306.2437380957563
17.419628060904238, 3304.9127637361757
18.31598983978802, 3309.498719618216
19.242413858654782, 3311.3270392555924
20.207073655375787, 3311.7431737133343
21.21539598170514, 3311.426107430299
22.271388562284873, 3310.7159580160883
23.378360784169953, 3309.781961215658
24.539310087656357, 3308.7075130889857
25.757128770106668, 3307.5329483622804
27.034715502836452, 3306.276989449358
28.375036630624365, 3304.9474824419713
29.78116112763324, 3303.5467650577893
31.256281798303075, 3302.07434795669
32.80372934596646, 3300.5282521971
34.42698278915331, 3298.9056746487727
36.129678052634105, 3297.203317332927
37.91561569142727, 3295.4175486680024
39.78876824922797, 3293.544480597149
41.75328751230773, 3291.580003577546
43.813511793052236, 3289.5198004185413
45.97397330993983, 3287.359349462523
48.239405694553305, 3285.0939223583446
50.614751636267485, 3282.7185790568483
53.10517066374006, 3280.2281613494843
55.71604705513739, 3277.617285618141
58.452997863984194, 3274.8803351393212
22.447922663313054, 3272.011452124828
23.699685241389336, 3289.9699911214016
24.9491461091917, 3298.494359828052
26.225621588527538, 3302.1481267438717
27.546535886774432, 3303.3033153235842
28.922677761270666, 3303.167989358057
30.361295531925048, 3302.3504730615077
31.86781664170379, 3301.1546763702704
33.44677800976223, 3299.7311206696354
35.10232400359795, 3298.1532883787777
36.83847270073467, 3296.4559992510376
38.659259341716655, 3294.6546430743047
40.56881507813354, 3292.7548027399102
42.57141175870747, 3290.7570638028224
25.405937799774655, 3288.6594154927243
26.743083513279135, 3296.900571541409
28.10974196751988, 3300.36466874672
29.524273929373507, 3301.37605672506
30.998063309226115, 3301.117880759353
32.538774893774274, 3300.1856415016887
34.152162162396166, 3298.876657085026
35.843044801536045, 3297.338017579518
37.615831740671815, 3295.641362638555
39.474800741735386, 3293.8204622449744
41.42424898310963, 3291.890048959509
43.46857567446181, 3289.855239909162
45.61232899002607, 3287.7162454548643
47.86023432904934, 3285.470719556665
50.21721284240244, 3283.114930766272
52.68839491501404, 3280.644343555777
55.279131059071666, 3278.0539048429373
57.9950014979805, 3275.3381831196766
60.84182510284909, 3272.4914338726426
63.825668017274005, 3269.507628137138
66.95285213346925, 3266.3804626104034
70.22996349036298, 3263.1033605482403
43.24416755504336, 3259.6694680721143
45.58372239111693, 3272.4009583878487
19.854068191165062, 3277.683497708718
20.952397938341846, 3294.2908511333444
22.052746473676166, 3302.186457056545
23.17928202878742, 3305.594580923458
24.346414976177844, 3306.704064851088
25.563147501688537, 3306.6279773655915
26.83561006452798, 3305.926423339751
28.16846451630659, 3304.8791698949585
29.565661894592278, 3303.6248097341263
31.030847934749815, 3302.231051484856
32.567580135367706, 3300.7300354756817
34.179445046252056, 3299.136029234576
35.870123026521576, 3297.454280732717
37.64342545708017, 3295.685443077246
39.503317568281055, 3293.827783362559
41.4539338010739, 3291.878283330265
43.499589333297955, 3289.833185898851
45.64478967454021, 3287.6882646081535
47.8942393244235, 3285.438954483579
50.25285001124331, 3283.080413559421
52.72574877595837, 3280.607549676039
55.318286033182204, 3278.015029859483
58.03604366958422, 3275.297280943415
60.8848432013518, 3272.448485771815
63.870753990526325, 3269.4625771627234
67.0001015069312, 3266.3332307363607
24.113282438560912, 3263.0538571745547
25.4849311297853, 3284.445607727048
26.84277976845384, 3294.7070027082323
28.223332315396817, 3299.1973977789944
29.648207614786305, 3300.7235802675173
31.130590402164476, 3300.720654592935
32.67912010968562, 3299.9128395666544
34.30007475249389, 3298.6624893071084
35.99855812390568, 3297.149369952084
37.779136184619574, 3295.4614893637754
39.64617702531368, 3293.6408011263406
23.83656162046154, 3291.7061220463465
25.086162751516305, 3299.3043696662203
26.365856565845053, 3302.4840802564577
12.907595789692387, 3303.3968192250873
13.584950714485002, 3311.1904258507066
4.453648169853918, 3314.7637773497627
2.8783121263143157, 3321.5595727951504
1.604864263332581, 3325.8476104355373
1.6865532862346782, 3328.701163055125
1.7716185425222368, 3330.0876047959046
1.8605613254937694, 3330.7353910603456
1.9537509345419166, 3331.0108103654447
2.0514918300267335, 3331.0974350877113
2.154059715872359, 3331.0870653088045
2.261720904413059, 3331.0255069992363
2.374742807161831, 3330.9355374924726
2.4933997515003727, 3330.828406985267
2.617976350428128, 3330.709593664693
2.748769600952128, 3330.581682068293
2.8860903304986962, 3330.4458021695455
1.385129159245264, 3330.302348598714
1.4547144340674096, 3331.055284785493
1.527605454362867, 3331.393959140224
1.60404803792904, 3331.523375493007
1.684261933317562, 3331.5461101389906
1.7684576630773978, 3331.51339344959
1.8568456286273973, 3331.4507461968096
1.9496411350861376, 3331.370821344906
2.0470672781440666, 3331.2798306036702
2.1493567186305857, 3331.180758882731
2.256752885265715, 3331.0749715805287
2.3695108903358024, 3330.96301800884
2.487898308512402, 3330.8450328076447
2.6121958983662843, 3330.7209363263546
2.7426983090392922, 3330.5905344699813
2.8797147950911453, 3330.453568261084
3.023569952360306, 3330.309738242393
3.174604482367683, 3330.158716281676
3.333175990038539, 3330.0001510586503
3.4996598181082335, 3329.8336703729024
3.674449920874375, 3329.658881841298
3.8579597796271603, 3329.4753727681255
4.050623361955611, 3329.282709578587
4.2528961270978245, 3329.08043700984
4.4652560795299445, 3328.868077155606
4.68820487304582, 3328.6451284111886
4.9222689676539515, 3328.4110643411304
5.168000841703158, 3328.165332479355
5.425980261739911, 3327.9073530654564
5.696815612696111, 3327.6365177175685
5.981145291105525, 3327.352188040693
6.279639164148999, 3327.0536941684163
2.2500725297682203, 3326.7403332355166
2.3640353379694585, 3328.79500505836
2.482958566962274, 3329.7625191654033
2.6074347746296116, 3330.1817932437484
2.7379228598108547, 3330.3233134084553
2.874818262175453, 3330.3224554331027
3.0184906114023, 3330.24681012607
3.169303984859675, 3330.1300123562787
3.3276279686242956, 3329.9886966950385
3.4938438872437616, 3329.8309850678597
3.668348511352878, 3329.660732622017
3.851556460650882, 3329.4796507699884
4.043901943521276, 3329.288368337787
4.245840171268707, 3329.0869616358827
4.457848625537392, 3328.8752189446627
4.680428273773363, 3328.6527721779826
4.914104783679705, 3328.419162108862
5.159429764602081, 3328.173870348335
5.416982051746756, 3327.916334671388
5.687369042862788, 3327.6459559853706
5.971228093776913, 3327.362101087006
6.269227977517018, 3327.0641032795415
6.582070410943051, 3326.7512618842534
6.910491652426745, 3326.422841161838
7.255264173975264, 3326.0780688998234
7.617198411169454, 3325.7161347923966
7.997144594327108, 3325.3361886741227
8.395994664375005, 3324.937338636517
8.814684277004273, 3324.518649040108
9.254194898782943, 3324.0791384264403
9.715555999002435, 3323.6177773302757
10.1998473411384, 3323.133485990167
10.708201377908283, 3322.6251319544112
11.241805754007428, 3322.091527578819
11.801905920700383, 3321.5314274123793
12.38980786653363, 3320.9435254666732
5.8289535139931274, 3320.326452364752
6.126454140834117, 3323.610187068824
6.435655300511261, 3325.0973915418494
6.758610070370641, 3325.674093862759
7.0967796169144, 3325.7861173463198
7.451328755993273, 3325.656755958352
7.823285074903635, 3325.3974163383946
8.213624214603254, 3325.06339125582
8.623315832614578, 3324.681858093509
9.053348811385533, 3324.2659046994
9.504745576300051, 3323.8215478160237
9.978570734243348, 3323.3512426211514
10.4759367782424, 3322.855636564263
10.998008303561445, 3322.3344450338927
11.546005496588613, 3321.786887838689
12.121207298384201, 3321.2119060358923
12.724954455986392, 3320.608268877811
13.358652575476231, 3319.9746257580878
5.702827499548611, 3319.3095305946435
5.994928631624793, 3323.1675312877983
3.081942334723757, 3324.9472410460785
3.2384641672309322, 3327.438574088829
3.4015768703758713, 3328.60255053879
3.572185495121721, 3329.09627985787
3.750967809990251, 3329.249865225757
3.938491014759271, 3329.228575586314
4.135274389500376, 3329.1149214310094
4.341822930757867, 3328.9499406093864
4.558645608079974, 3328.753902569451
4.786265526583417, 3328.536675164045
5.025225855165369, 3328.3029111406145
5.2760935566385765, 3328.0546416038674
5.539461992374874, 3327.7925722535324
5.815952966457825, 3327.5167308229093
6.106218507472729, 3327.2267900538136
6.410942545891623, 3326.922228401402
6.730842571444501, 3326.6024095688654
3.6045951524215996, 3326.26662142053
3.786585486423064, 3327.81389152885
3.9767222236336686, 3328.489732532017
4.175852132269362, 3328.723929190452
4.3846552038109285, 3328.731873929115
4.603734878792478, 3328.621189303728
4.8336664242959415, 3328.4454605707488
5.075023042418384, 3328.231206681022
5.328390230045702, 3327.9913911881504
5.594373977673454, 3327.7321833705428
5.873605758761689, 3327.4563395751256
2.379495085883583, 3327.164893467037
2.4998004993369056, 3328.9369070284083
2.625438758976828, 3329.7590420931456
2.756994447976912, 3330.1017775965965
2.8949305008663084, 3330.201088406824
3.039653226620312, 3330.1750144461707
3.191547175457829, 3330.082451215373
3.3509939343639066, 3329.952671399623
3.5183824365575087, 3329.8001167650737
3.694114818150721, 3329.6318014163235
3.8786099535618126, 3329.4510148220897
4.072305793177236, 3329.2591732592523
2.102848709891755, 3329.056745097353
2.2086413729895673, 3330.0371134257707
2.3193749027237387, 3330.469991739263
2.4354576148153377, 3330.62584798788
2.5572414127767567, 3330.6400669553746
2.6850552703606367, 3330.580262804963
2.81922324840263, 3330.4801017620143
2.960074333526063, 3330.356254664864
3.107947980762715, 3330.2168831417275
3.2631974135432102, 3330.065884803525
3.42619176378144, 3329.905016008709
3.597317622358682, 3329.7349529298754
3.7769803005926024, 3329.555821642022
3.9656049615198556, 3329.367462676411
4.1636377053897435, 3329.169562780232
4.371546654719047, 3328.961720254755
4.5898230637981605, 3328.743477057605
4.818982466840517, 3328.5143342605274
5.059565873395972, 3328.2737591569544
5.312141016770213, 3328.021188165071
5.5773036597285595, 3327.7560275978585
3.3435985103403683, 3327.477653334418
3.5119250702324987, 3328.564420935803
3.6880222447231605, 3329.01658042239
3.8725742911390237, 3329.1463344137464
4.0661585630526424, 3329.1099476266295
4.269306775151007, 3328.9854092783003
4.482537910698444, 3328.8114858555923
4.706376107405007, 3328.60730221062
4.941360641556769, 3328.3821451261742
5.1880517804212385, 3328.1403677556245
5.447034491515522, 3327.883841939552
3.152156921994495, 3327.6131838251554
3.3108830187638705, 3328.737464833589
3.476924501522265, 3329.213668413168
3.6509322543246414, 3329.3609689023997
3.833453742114688, 3329.339148005118
4.024992018492315, 3329.2279716465946
4.226037416007464, 3329.0671101143103
2.4724175467200387, 3328.8761554277608
2.596714941350036, 3329.743647321505
2.7268505518580444, 3330.109849347504
2.863289239183212, 3330.221690380449
3.006436566650313, 3330.2027106578976
3.1566748383703422, 3330.1145631272416
1.8631186915402143, 3329.987902557806
1.9566548910127575, 3330.63519281296
2.054655824319194, 3330.907852224193
2.15744211825922, 3330.9904579459544
2.2653039208557626, 3330.9753076200927
1.3611182344677795, 3330.9084497722192
1.4293729995755424, 3331.3719079309344
1.5009292425618168, 3331.5663354273956
0.6694533414044008, 3331.6242852652836
